,gain (fitness),enemy,run,test,EA
0,48.900133572175804,1,1,1,roulette
1,39.17991706964764,1,1,2,roulette
2,39.17991706964764,1,1,3,roulette
3,39.17991706964764,1,1,4,roulette
4,22.132465549544417,1,1,5,roulette
5,21.319827390982933,1,2,1,roulette
6,21.319827390982933,1,2,2,roulette
7,21.319827390982933,1,2,3,roulette
8,66.1335319430667,1,2,4,roulette
9,66.1335319430667,1,2,5,roulette
10,57.711732969305466,1,3,1,roulette
11,57.711732969305466,1,3,2,roulette
12,39.812614194159245,1,3,3,roulette
13,57.711732969305466,1,3,4,roulette
14,39.812614194159245,1,3,5,roulette
15,74.97655240703897,1,4,1,roulette
16,74.97655240703897,1,4,2,roulette
17,39.111122041667116,1,4,3,roulette
18,47.92235775665097,1,4,4,roulette
19,74.97655240703897,1,4,5,roulette
20,57.1335319430667,1,5,1,roulette
21,21.319827390982933,1,5,2,roulette
22,57.1335319430667,1,5,3,roulette
23,75.01354799471557,1,5,4,roulette
24,57.1335319430667,1,5,5,roulette
25,39.168117522716486,1,6,1,roulette
26,21.742504627972217,1,6,2,roulette
27,57.29288973525112,1,6,3,roulette
28,21.742504627972217,1,6,4,roulette
29,57.29288973525112,1,6,5,roulette
30,48.19788162462294,1,7,1,roulette
31,57.32667673282851,1,7,2,roulette
32,95.11719807741363,1,7,3,roulette
33,48.19788162462294,1,7,4,roulette
34,48.19788162462294,1,7,5,roulette
35,48.25379680945985,1,8,1,roulette
36,39.013547994715566,1,8,2,roulette
37,48.25379680945985,1,8,3,roulette
38,48.25379680945985,1,8,4,roulette
39,21.319827390982933,1,8,5,roulette
40,13.132465549544417,1,9,1,roulette
41,13.132465549544417,1,9,2,roulette
42,66.17695410451698,1,9,3,roulette
43,39.601837298482245,1,9,4,roulette
44,39.601837298482245,1,9,5,roulette
45,48.835214026076486,1,10,1,roulette
46,48.835214026076486,1,10,2,roulette
47,31.05124010962183,1,10,3,roulette
48,95.11719807741363,1,10,4,roulette
49,31.05124010962183,1,10,5,roulette
50,92.53357331188757,2,1,1,roulette
51,93.07212383121042,2,1,2,roulette
52,66.21003982910274,2,1,3,roulette
53,93.34041448585583,2,1,4,roulette
54,93.34041448585583,2,1,5,roulette
55,91.65873645484157,2,2,1,roulette
56,93.37065437104556,2,2,2,roulette
57,91.65873645484157,2,2,3,roulette
58,91.89874178945527,2,2,4,roulette
59,93.37065437104556,2,2,5,roulette
60,93.42326625757943,2,3,1,roulette
61,92.8769900208616,2,3,2,roulette
62,92.93109579777976,2,3,3,roulette
63,90.06246192029869,2,3,4,roulette
64,93.42326625757943,2,3,5,roulette
65,93.42326625757943,2,4,1,roulette
66,93.42326625757943,2,4,2,roulette
67,93.42326625757943,2,4,3,roulette
68,92.00150296873417,2,4,4,roulette
69,93.42326625757943,2,4,5,roulette
70,92.17504998251859,2,5,1,roulette
71,92.15326262833368,2,5,2,roulette
72,93.5001335721758,2,5,3,roulette
73,93.5001335721758,2,5,4,roulette
74,93.5001335721758,2,5,5,roulette
75,93.33740496697304,2,6,1,roulette
76,92.93109579777976,2,6,2,roulette
77,92.93109579777976,2,6,3,roulette
78,93.48001907417188,2,6,4,roulette
79,93.48001907417188,2,6,5,roulette
80,92.00150296873417,2,7,1,roulette
81,92.00150296873417,2,7,2,roulette
82,93.48001907417188,2,7,3,roulette
83,92.98272016318508,2,7,4,roulette
84,92.98272016318508,2,7,5,roulette
85,93.33193985886487,2,8,1,roulette
86,92.5446788846423,2,8,2,roulette
87,75.20394224923463,2,8,3,roulette
88,39.241098226122716,2,8,4,roulette
89,75.20394224923463,2,8,5,roulette
90,93.80150296873417,2,9,1,roulette
91,93.80150296873417,2,9,2,roulette
92,94.62326625757942,2,9,3,roulette
93,92.13109579777978,2,9,4,roulette
94,94.62326625757942,2,9,5,roulette
95,93.72772932632853,2,10,1,roulette
96,88.96889138314542,2,10,2,roulette
97,56.57675303646648,2,10,3,roulette
98,56.57675303646648,2,10,4,roulette
99,75.66728120673463,2,10,5,roulette
100,39.17991706964764,3,1,1,roulette
101,87.78322890233343,3,1,2,roulette
102,39.17991706964764,3,1,3,roulette
103,21.557582289478205,3,1,4,roulette
104,21.557582289478205,3,1,5,roulette
105,3.6018372984822475,3,2,1,roulette
106,12.57065437104556,3,2,2,roulette
107,66.45873645484157,3,2,3,roulette
108,66.45873645484157,3,2,4,roulette
109,12.57065437104556,3,2,5,roulette
110,21.28626719449063,3,3,1,roulette
111,21.28626719449063,3,3,2,roulette
112,39.011038583110135,3,3,3,roulette
113,90.55262782095372,3,3,4,roulette
114,47.94321598677138,3,3,5,roulette
115,84.21998334634743,3,4,1,roulette
116,91.44675666571221,3,4,2,roulette
117,84.21998334634743,3,4,3,roulette
118,84.21998334634743,3,4,4,roulette
119,91.44675666571221,3,4,5,roulette
120,75.21003982910274,3,5,1,roulette
121,75.21003982910274,3,5,2,roulette
122,66.45873645484157,3,5,3,roulette
123,66.45873645484157,3,5,4,roulette
124,66.45873645484157,3,5,5,roulette
125,65.9862848439572,3,6,1,roulette
126,89.38322890233343,3,6,2,roulette
127,65.9862848439572,3,6,3,roulette
128,89.38322890233343,3,6,4,roulette
129,65.9862848439572,3,6,5,roulette
130,65.87094978993946,3,7,1,roulette
131,57.361645330666256,3,7,2,roulette
132,84.98140678550376,3,7,3,roulette
133,57.361645330666256,3,7,4,roulette
134,65.87094978993946,3,7,5,roulette
135,48.17399989261955,3,8,1,roulette
136,39.19486503108351,3,8,2,roulette
137,75.44704041507838,3,8,3,roulette
138,48.17399989261955,3,8,4,roulette
139,48.17399989261955,3,8,5,roulette
140,75.03129244001464,3,9,1,roulette
141,57.00853545289202,3,9,2,roulette
142,30.37598249381266,3,9,3,roulette
143,75.03129244001464,3,9,4,roulette
144,30.37598249381266,3,9,5,roulette
145,89.49297711225773,3,10,1,roulette
146,66.4165036912183,3,10,2,roulette
147,85.78322890233343,3,10,3,roulette
148,89.49297711225773,3,10,4,roulette
149,89.49297711225773,3,10,5,roulette
150,22.11719807741363,1,1,1,tournament
151,22.11719807741363,1,1,2,tournament
152,22.11719807741363,1,1,3,tournament
153,95.11719807741363,1,1,4,tournament
154,39.829516004961846,1,1,5,tournament
155,21.888012211643456,1,2,1,tournament
156,95.11719807741363,1,2,2,tournament
157,57.19788162462294,1,2,3,tournament
158,57.19788162462294,1,2,4,tournament
159,95.11719807741363,1,2,5,tournament
160,66.97611947915372,1,3,1,tournament
161,94.85250552318655,1,3,2,tournament
162,31.22087650688847,1,3,3,tournament
163,94.85250552318655,1,3,4,tournament
164,31.22087650688847,1,3,5,tournament
165,66.60183729848225,1,4,1,tournament
166,66.60183729848225,1,4,2,tournament
167,48.900133572175804,1,4,3,tournament
168,48.900133572175804,1,4,4,tournament
169,94.9001335721758,1,4,5,tournament
170,65.89075241723563,1,5,1,tournament
171,48.168117522716486,1,5,2,tournament
172,48.168117522716486,1,5,3,tournament
173,66.24109822612272,1,5,4,tournament
174,65.89075241723563,1,5,5,tournament
175,31.171686262697698,1,6,1,tournament
176,31.171686262697698,1,6,2,tournament
177,31.171686262697698,1,6,3,tournament
178,57.256996812190515,1,6,4,tournament
179,31.171686262697698,1,6,5,tournament
180,39.17991706964764,1,7,1,tournament
181,39.17991706964764,1,7,2,tournament
182,39.17991706964764,1,7,3,tournament
183,39.17991706964764,1,7,4,tournament
184,39.17991706964764,1,7,5,tournament
185,86.40975933293464,1,8,1,tournament
186,86.40975933293464,1,8,2,tournament
187,86.40975933293464,1,8,3,tournament
188,30.319827390982933,1,8,4,tournament
189,86.40975933293464,1,8,5,tournament
190,95.11719807741363,1,9,1,tournament
191,40.22087650688847,1,9,2,tournament
192,40.22087650688847,1,9,3,tournament
193,95.11719807741363,1,9,4,tournament
194,48.97611947915372,1,9,5,tournament
195,94.85250552318655,1,10,1,tournament
196,95.11719807741363,1,10,2,tournament
197,30.89405452609942,1,10,3,tournament
198,66.71173296930546,1,10,4,tournament
199,94.85250552318655,1,10,5,tournament
200,93.33109579777977,2,1,1,tournament
201,92.2070431491098,2,1,2,tournament
202,93.33109579777977,2,1,3,tournament
203,92.93109579777976,2,1,4,tournament
204,92.2070431491098,2,1,5,tournament
205,93.42326625757943,2,2,1,tournament
206,92.00150296873417,2,2,2,tournament
207,92.98272016318508,2,2,3,tournament
208,92.00150296873417,2,2,4,tournament
209,92.98272016318508,2,2,5,tournament
210,90.26266573298146,2,3,1,tournament
211,91.72772932632853,2,3,2,tournament
212,91.33011907701948,2,3,3,tournament
213,91.72772932632853,2,3,4,tournament
214,91.33011907701948,2,3,5,tournament
215,90.06246192029869,2,4,1,tournament
216,91.93109579777976,2,4,2,tournament
217,94.41639337829167,2,4,3,tournament
218,94.41639337829167,2,4,4,tournament
219,94.41639337829167,2,4,5,tournament
220,92.12772932632852,2,5,1,tournament
221,92.12772932632852,2,5,2,tournament
222,93.07212383121042,2,5,3,tournament
223,92.12772932632852,2,5,4,tournament
224,93.07212383121042,2,5,5,tournament
225,93.36627799644576,2,6,1,tournament
226,93.36627799644576,2,6,2,tournament
227,93.36627799644576,2,6,3,tournament
228,66.22855887686998,2,6,4,tournament
229,93.37065437104556,2,6,5,tournament
230,93.53109579777976,2,7,1,tournament
231,91.93740496697303,2,7,2,tournament
232,92.82326625757942,2,7,3,tournament
233,91.93740496697303,2,7,4,tournament
234,94.17611947915373,2,7,5,tournament
235,92.76627799644577,2,8,1,tournament
236,92.76627799644577,2,8,2,tournament
237,92.76627799644577,2,8,3,tournament
238,93.12772932632852,2,8,4,tournament
239,92.54772657195336,2,8,5,tournament
240,90.06246192029869,2,9,1,tournament
241,90.06246192029869,2,9,2,tournament
242,92.93214184093668,2,9,3,tournament
243,90.06246192029869,2,9,4,tournament
244,90.06246192029869,2,9,5,tournament
245,93.2070431491098,2,10,1,tournament
246,92.92482618476618,2,10,2,tournament
247,92.92482618476618,2,10,3,tournament
248,93.48001907417188,2,10,4,tournament
249,90.06246192029869,2,10,5,tournament
250,65.93157441175589,3,1,1,tournament
251,65.93157441175589,3,1,2,tournament
252,75.0572006248733,3,1,3,tournament
253,65.93157441175589,3,1,4,tournament
254,75.0572006248733,3,1,5,tournament
255,66.17695410451698,3,2,1,tournament
256,90.78322890233343,3,2,2,tournament
257,90.78322890233343,3,2,3,tournament
258,66.17695410451698,3,2,4,tournament
259,66.17695410451698,3,2,5,tournament
260,21.17695410451698,3,3,1,tournament
261,21.17695410451698,3,3,2,tournament
262,39.19486503108351,3,3,3,tournament
263,21.17695410451698,3,3,4,tournament
264,87.04704041507837,3,3,5,tournament
265,39.17399989261955,3,4,1,tournament
266,30.130703086866227,3,4,2,tournament
267,75.39052820481504,3,4,3,tournament
268,39.17399989261955,3,4,4,tournament
269,39.17399989261955,3,4,5,tournament
270,57.375982493812664,3,5,1,tournament
271,74.92006680490441,3,5,2,tournament
272,57.375982493812664,3,5,3,tournament
273,66.1888590070233,3,5,4,tournament
274,74.92006680490441,3,5,5,tournament
275,56.99364684039827,3,6,1,tournament
276,56.99364684039827,3,6,2,tournament
277,48.36521039683075,3,6,3,tournament
278,48.36521039683075,3,6,4,tournament
279,84.41585110906252,3,6,5,tournament
280,57.17695410451698,3,7,1,tournament
281,39.19185751001956,3,7,2,tournament
282,57.17695410451698,3,7,3,tournament
283,86.89288973525112,3,7,4,tournament
284,39.19185751001956,3,7,5,tournament
285,74.86443510891826,3,8,1,tournament
286,57.375982493812664,3,8,2,tournament
287,88.49736666659864,3,8,3,tournament
288,88.49736666659864,3,8,4,tournament
289,57.375982493812664,3,8,5,tournament
290,66.46266573298146,3,9,1,tournament
291,39.19486503108351,3,9,2,tournament
292,86.98322890233342,3,9,3,tournament
293,48.17399989261955,3,9,4,tournament
294,39.19486503108351,3,9,5,tournament
295,38.9408768044182,3,10,1,tournament
296,57.02111423509888,3,10,2,tournament
297,39.30964054567594,3,10,3,tournament
298,39.30964054567594,3,10,4,tournament
299,57.02111423509888,3,10,5,tournament
