,average fitness,max fitness,generations,EA,enemy
0,-2.8009141326469553,48.32324619773172,1,roulette,1
1,39.60183729848224,39.601837298482245,2,roulette,1
2,41.7434682617797,48.900133572175804,3,roulette,1
3,38.66523519255039,48.900133572175804,4,roulette,1
4,40.571294564004944,48.900133572175804,5,roulette,1
5,41.45408627594733,48.900133572175804,6,roulette,1
6,40.946765832962285,48.900133572175804,7,roulette,1
7,38.774711393537665,48.900133572175804,8,roulette,1
8,38.617267099965886,48.900133572175804,9,roulette,1
9,39.730826381122924,48.900133572175804,10,roulette,1
10,40.42729714941022,48.900133572175804,11,roulette,1
11,40.09828397375148,48.900133572175804,12,roulette,1
12,38.9906014059867,48.900133572175804,13,roulette,1
13,37.51192709650737,48.900133572175804,14,roulette,1
14,37.87867144087429,48.900133572175804,15,roulette,1
15,40.329353899097406,48.900133572175804,16,roulette,1
16,40.543777633501534,48.900133572175804,17,roulette,1
17,37.84285353769213,48.900133572175804,18,roulette,1
18,41.64550630500957,48.900133572175804,19,roulette,1
19,39.19836533593058,48.900133572175804,20,roulette,1
20,-0.09247342240777144,48.32667673282851,1,roulette,1
21,48.253796809459864,48.25379680945985,2,roulette,1
22,39.86997809317254,48.25379680945985,3,roulette,1
23,40.60185009749986,57.013547994715566,4,roulette,1
24,41.86426101318857,57.1335319430667,5,roulette,1
25,41.11827206935097,57.1335319430667,6,roulette,1
26,39.70384225166724,48.25379680945985,7,roulette,1
27,41.03600221237906,48.25379680945985,8,roulette,1
28,40.15558443399945,48.25379680945985,9,roulette,1
29,39.97730976124914,48.25379680945985,10,roulette,1
30,41.14240929543109,48.25379680945985,11,roulette,1
31,41.618819809970425,48.25379680945985,12,roulette,1
32,40.060793636938755,48.25379680945985,13,roulette,1
33,38.878216246577395,48.25379680945985,14,roulette,1
34,39.81612495080945,48.25379680945985,15,roulette,1
35,38.63435405436614,48.25379680945985,16,roulette,1
36,36.81778099080836,48.25379680945985,17,roulette,1
37,39.17062252704698,66.1335319430667,18,roulette,1
38,38.26767769605084,48.25379680945985,19,roulette,1
39,40.23411995447177,48.25379680945985,20,roulette,1
40,0.46746044227377487,66.21617481767026,1,roulette,1
41,48.3232461977317,48.32324619773172,2,roulette,1
42,40.7400345952423,48.601837298482245,3,roulette,1
43,38.29001086039526,48.89405452609942,4,roulette,1
44,39.891511309650404,48.601837298482245,5,roulette,1
45,40.5451131477444,48.601837298482245,6,roulette,1
46,39.72323225565945,48.601837298482245,7,roulette,1
47,39.40797604066316,48.601837298482245,8,roulette,1
48,40.734358091185506,48.601837298482245,9,roulette,1
49,38.5148901073438,48.601837298482245,10,roulette,1
50,39.416550334511314,48.601837298482245,11,roulette,1
51,38.89425734415559,48.89405452609942,12,roulette,1
52,40.334394715832296,48.601837298482245,13,roulette,1
53,39.20433702902036,48.89405452609942,14,roulette,1
54,39.54598854370013,48.89405452609942,15,roulette,1
55,38.16785809851015,48.601837298482245,16,roulette,1
56,39.526774049135504,56.976552407038966,17,roulette,1
57,38.80469435924888,48.81821644970792,18,roulette,1
58,39.42894168255251,48.601837298482245,19,roulette,1
59,40.76319826860139,48.900133572175804,20,roulette,1
60,-1.3505362261079603,48.601837298482245,1,roulette,1
61,48.60183729848225,48.601837298482245,2,roulette,1
62,40.01250484474022,48.73214184093667,3,roulette,1
63,37.547808801820956,48.601837298482245,4,roulette,1
64,37.60161615900376,65.95026654476804,5,roulette,1
65,40.8792741752385,74.97655240703897,6,roulette,1
66,40.88016010238087,65.95026654476804,7,roulette,1
67,40.91050201829858,74.97655240703897,8,roulette,1
68,38.822003972553816,66.00603857269343,9,roulette,1
69,38.900955672012905,48.900133572175804,10,roulette,1
70,37.98789102518537,57.601837298482245,11,roulette,1
71,38.89024648119968,66.24109822612272,12,roulette,1
72,40.213340914900634,48.900133572175804,13,roulette,1
73,40.614653617707134,65.91550058692482,14,roulette,1
74,39.1396817493761,56.91322527308769,15,roulette,1
75,38.23877613108206,48.81821644970792,16,roulette,1
76,41.811662140192674,48.900133572175804,17,roulette,1
77,42.60579383712528,48.601837298482245,18,roulette,1
78,39.769111898068104,48.900133572175804,19,roulette,1
79,40.79051324384213,74.89297711225774,20,roulette,1
80,-2.600834077387394,39.013547994715566,1,roulette,1
81,48.253796809459864,48.25379680945985,2,roulette,1
82,43.50622605869346,66.1335319430667,3,roulette,1
83,42.203855314427614,57.1335319430667,4,roulette,1
84,43.39347712604597,57.1335319430667,5,roulette,1
85,44.11449974830205,57.1335319430667,6,roulette,1
86,42.92288016415548,66.01354799471557,7,roulette,1
87,43.116514015077954,57.1335319430667,8,roulette,1
88,44.01848088662155,75.01354799471557,9,roulette,1
89,44.281824192569175,75.01354799471557,10,roulette,1
90,41.88516384643942,75.01354799471557,11,roulette,1
91,44.1785894389051,66.1335319430667,12,roulette,1
92,43.136467393344,57.25379680945985,13,roulette,1
93,43.58212878344613,57.25379680945985,14,roulette,1
94,43.94573392025749,57.25379680945985,15,roulette,1
95,43.136402653614,66.01354799471557,16,roulette,1
96,42.464765231243184,66.01354799471557,17,roulette,1
97,42.50891748636714,66.01354799471557,18,roulette,1
98,41.306350149680654,57.1335319430667,19,roulette,1
99,40.59541998562069,66.1335319430667,20,roulette,1
100,-1.430205569783034,57.29288973525112,1,roulette,1
101,39.785064242391,39.785064242391016,2,roulette,1
102,30.828456633575748,39.785064242391016,3,roulette,1
103,31.030776165645896,39.785064242391016,4,roulette,1
104,30.576145347705797,39.785064242391016,5,roulette,1
105,28.394013871340448,39.785064242391016,6,roulette,1
106,26.618076608649066,39.785064242391016,7,roulette,1
107,30.25276967643802,39.785064242391016,8,roulette,1
108,31.828559588550682,39.785064242391016,9,roulette,1
109,27.306886365675688,39.785064242391016,10,roulette,1
110,27.978440619899626,39.785064242391016,11,roulette,1
111,28.65111843737957,39.785064242391016,12,roulette,1
112,27.65928229619952,39.785064242391016,13,roulette,1
113,29.40745296338749,39.785064242391016,14,roulette,1
114,25.703033207081663,39.785064242391016,15,roulette,1
115,26.572337274427372,39.785064242391016,16,roulette,1
116,26.461061971818925,39.785064242391016,17,roulette,1
117,25.994196352410558,39.785064242391016,18,roulette,1
118,27.010763095845647,39.785064242391016,19,roulette,1
119,27.330148051415964,39.785064242391016,20,roulette,1
120,-2.9609161142790272,48.25379680945985,1,roulette,1
121,66.2379486172198,66.23794861721983,2,roulette,1
122,53.9202621676378,66.23794861721983,3,roulette,1
123,53.12137589938935,66.23794861721983,4,roulette,1
124,46.76214855276826,66.23794861721983,5,roulette,1
125,46.244120914633775,66.23794861721983,6,roulette,1
126,48.12239344768007,94.85250552318655,7,roulette,1
127,54.057599647781714,95.11719807741363,8,roulette,1
128,50.818481511519494,95.11719807741363,9,roulette,1
129,51.022434618647374,95.11719807741363,10,roulette,1
130,50.57699678006062,94.85250552318655,11,roulette,1
131,55.772588420348626,94.78506424239102,12,roulette,1
132,55.78011811961053,95.11719807741363,13,roulette,1
133,51.435677740260964,95.11719807741363,14,roulette,1
134,48.415513787884755,94.85250552318655,15,roulette,1
135,47.153230535178125,86.69288973525113,16,roulette,1
136,52.45645782855895,94.85250552318655,17,roulette,1
137,47.49625353577701,94.78506424239102,18,roulette,1
138,50.16384895437435,95.11719807741363,19,roulette,1
139,54.218600604763026,95.11719807741363,20,roulette,1
140,-2.918489248101759,39.013547994715566,1,roulette,1
141,30.785064242391005,30.785064242391016,2,roulette,1
142,27.839369204078622,30.785064242391016,3,roulette,1
143,21.882988755454253,30.785064242391016,4,roulette,1
144,25.104248847421854,30.785064242391016,5,roulette,1
145,24.613554138023936,30.785064242391016,6,roulette,1
146,27.041769396799197,30.785064242391016,7,roulette,1
147,25.139599091351943,30.785064242391016,8,roulette,1
148,25.137899175195148,30.785064242391016,9,roulette,1
149,23.238583927678178,30.785064242391016,10,roulette,1
150,22.395368786521004,30.785064242391016,11,roulette,1
151,26.050439074251614,30.785064242391016,12,roulette,1
152,25.432294492588902,30.785064242391016,13,roulette,1
153,23.840353591354724,30.785064242391016,14,roulette,1
154,24.551963598337935,30.785064242391016,15,roulette,1
155,26.763349285213692,30.785064242391016,16,roulette,1
156,27.027494107147742,30.785064242391016,17,roulette,1
157,25.940053956561652,30.785064242391016,18,roulette,1
158,24.364229380124648,30.785064242391016,19,roulette,1
159,21.894408987175424,30.785064242391016,20,roulette,1
160,-1.881878503349577,39.758252984940356,1,roulette,1
161,39.706695175275506,39.706695175275506,2,roulette,1
162,33.8328603621604,48.17399989261955,3,roulette,1
163,33.1017804586228,66.13921377653413,4,roulette,1
164,35.21849158228576,66.13921377653413,5,roulette,1
165,36.385120944061335,66.13921377653413,6,roulette,1
166,37.78113308428554,66.17695410451698,7,roulette,1
167,39.1104475201459,66.13921377653413,8,roulette,1
168,35.66061311413154,57.23794861721982,9,roulette,1
169,35.66491767137524,48.900133572175804,10,roulette,1
170,39.17358229258015,48.900133572175804,11,roulette,1
171,37.94820745841234,57.19788162462294,12,roulette,1
172,39.88030678918701,57.22855887686998,13,roulette,1
173,40.586975604450345,57.29288973525112,14,roulette,1
174,40.44209202328852,48.900133572175804,15,roulette,1
175,39.0896000077307,48.900133572175804,16,roulette,1
176,40.902542798212714,57.97611947915372,17,roulette,1
177,39.570204969690884,57.19788162462294,18,roulette,1
178,40.17326531578285,48.89405452609942,19,roulette,1
179,39.86420306825777,57.19788162462294,20,roulette,1
180,-3.6372350404667766,39.1335319430667,1,roulette,1
181,48.08110614572686,48.08110614572686,2,roulette,1
182,51.734820691388016,66.13070308686622,3,roulette,1
183,50.72811097650046,66.13070308686622,4,roulette,1
184,48.27096422572432,75.31302464366019,5,roulette,1
185,50.989376775964686,75.31302464366019,6,roulette,1
186,54.562224305301406,94.79051384715858,7,roulette,1
187,57.17861875540505,95.10965087177824,8,roulette,1
188,53.62553548013079,94.79051384715858,9,roulette,1
189,51.274829663666694,95.10965087177824,10,roulette,1
190,55.33799209935956,95.11719807741363,11,roulette,1
191,56.76245149057224,95.11719807741363,12,roulette,1
192,57.893861917929605,95.11719807741363,13,roulette,1
193,52.501196101023815,95.11719807741363,14,roulette,1
194,52.43069395331674,95.00278772623588,15,roulette,1
195,61.6161797500402,95.11719807741363,16,roulette,1
196,56.91400528864776,95.11719807741363,17,roulette,1
197,58.747058101417515,95.00278772623588,18,roulette,1
198,58.021401772417455,95.11719807741363,19,roulette,1
199,63.327924596142466,95.11719807741363,20,roulette,1
200,10.541725105586004,92.28657125383502,1,roulette,2
201,77.3448740848443,92.28657125383502,2,roulette,2
202,79.01762026110121,93.1218853407695,3,roulette,2
203,78.2416904796592,92.9361681949744,4,roulette,2
204,82.27730565114865,92.95326262833369,5,roulette,2
205,82.52465944592716,92.91859563501554,6,roulette,2
206,80.91474295643799,92.7028317747068,7,roulette,2
207,78.95441715168046,93.00278772623588,8,roulette,2
208,85.52368571782614,92.91240366476762,9,roulette,2
209,86.89630110984054,92.60278772623587,10,roulette,2
210,88.88683515911083,93.34041448585583,11,roulette,2
211,90.51824829616005,93.01639337829167,12,roulette,2
212,89.93392470394069,92.28657125383502,13,roulette,2
213,91.31796518859628,92.97237888630936,14,roulette,2
214,90.73653529654239,92.90624979919323,15,roulette,2
215,89.39824514269861,92.28657125383502,16,roulette,2
216,91.13675099071187,92.28657125383502,17,roulette,2
217,90.9326369818099,92.52772932632853,18,roulette,2
218,90.8284270227556,92.28657125383502,19,roulette,2
219,91.49968293546895,92.28657125383502,20,roulette,2
220,11.157362251967164,92.28657125383502,1,roulette,2
221,76.60992729929596,92.92772932632853,2,roulette,2
222,75.71007675649719,92.64317193830047,3,roulette,2
223,76.81045405262839,93.20150296873418,4,roulette,2
224,81.43494336728932,92.98272016318508,5,roulette,2
225,81.93180335090588,93.36627799644576,6,roulette,2
226,82.09546555805505,92.74772657195336,7,roulette,2
227,82.56109394929372,92.91240366476762,8,roulette,2
228,83.16881042654956,92.9361681949744,9,roulette,2
229,85.48042613063073,93.33740496697304,10,roulette,2
230,86.46407229427922,93.31240366476763,11,roulette,2
231,82.85035572978158,92.7028317747068,12,roulette,2
232,85.11024500831128,93.28188000615577,13,roulette,2
233,83.58465700764404,93.33740496697304,14,roulette,2
234,88.10791621887078,92.56878821817864,15,roulette,2
235,86.82916341972965,92.68657125383503,16,roulette,2
236,83.93136986102992,92.28657125383502,17,roulette,2
237,87.13037392465391,92.28657125383502,18,roulette,2
238,86.68474552765316,92.28657125383502,19,roulette,2
239,87.50428230334397,93.32772932632852,20,roulette,2
240,8.058757118610302,91.36878821817864,1,roulette,2
241,72.94153909215184,91.58506424239101,2,roulette,2
242,71.00131382992781,92.93109579777976,3,roulette,2
243,71.79482229000176,93.2070431491098,4,roulette,2
244,77.84092624752438,93.33740496697304,5,roulette,2
245,77.67720703499901,93.33740496697304,6,roulette,2
246,79.25536924868332,92.98272016318508,7,roulette,2
247,79.1090923633027,92.92482618476618,8,roulette,2
248,81.16142497963519,92.92482618476618,9,roulette,2
249,83.15064381286646,93.2070431491098,10,roulette,2
250,82.16700977797345,93.33740496697304,11,roulette,2
251,83.52549342486783,93.42326625757943,12,roulette,2
252,81.17020192203832,93.42326625757943,13,roulette,2
253,82.14310607794042,93.33740496697304,14,roulette,2
254,77.79383956650622,93.2070431491098,15,roulette,2
255,83.09969913351465,93.42326625757943,16,roulette,2
256,80.03539102882381,93.42326625757943,17,roulette,2
257,81.75293786533739,92.92482618476618,18,roulette,2
258,77.35123626711565,93.33740496697304,19,roulette,2
259,79.10211213839476,93.13740496697304,20,roulette,2
260,14.539253311447714,93.42326625757943,1,roulette,2
261,71.62020614862436,90.89874178945527,2,roulette,2
262,72.20982168206343,92.92482618476618,3,roulette,2
263,74.76306505974634,92.9001335721758,4,roulette,2
264,78.82536911335669,93.32482618476618,5,roulette,2
265,76.61701142330395,93.31240366476763,6,roulette,2
266,71.55518779120266,93.31240366476763,7,roulette,2
267,73.27449167951971,93.41639337829167,8,roulette,2
268,75.79977426358332,93.48001907417188,9,roulette,2
269,72.13346978142663,93.31859563501554,10,roulette,2
270,70.52885840326654,93.40956741322127,11,roulette,2
271,75.11197423175444,93.40956741322127,12,roulette,2
272,77.11174874822387,93.31859563501554,13,roulette,2
273,73.2106920930676,93.32482618476618,14,roulette,2
274,77.09843019692808,93.32482618476618,15,roulette,2
275,78.81862871276972,93.31859563501554,16,roulette,2
276,80.21146616435647,93.31859563501554,17,roulette,2
277,77.91762745225466,93.31859563501554,18,roulette,2
278,75.76165969048469,93.31859563501554,19,roulette,2
279,76.93138783659208,91.93109579777976,20,roulette,2
280,10.789158545312985,91.93109579777976,1,roulette,2
281,67.97881849637895,92.09874178945526,2,roulette,2
282,70.26087224660318,93.36627799644576,3,roulette,2
283,71.73814952898782,92.92772932632853,4,roulette,2
284,76.68049135040594,92.9361681949744,5,roulette,2
285,77.16814944300128,92.53703951986405,6,roulette,2
286,80.85774373805987,93.1959933129232,7,roulette,2
287,83.24360642108863,93.5001335721758,8,roulette,2
288,87.05255426059504,93.1959933129232,9,roulette,2
289,86.41872911890032,93.37065437104556,10,roulette,2
290,87.49591087669138,93.37065437104556,11,roulette,2
291,88.10548199954765,93.37065437104556,12,roulette,2
292,89.92207402446522,93.37065437104556,13,roulette,2
293,89.01607454733336,93.32772932632852,14,roulette,2
294,89.49080280116348,93.36627799644576,15,roulette,2
295,88.66556038268271,93.36627799644576,16,roulette,2
296,89.77134460861186,93.36627799644576,17,roulette,2
297,90.40694057041554,93.37065437104556,18,roulette,2
298,90.03487440579023,93.37065437104556,19,roulette,2
299,89.38556822132848,93.37065437104556,20,roulette,2
300,11.240207211333143,92.28657125383502,1,roulette,2
301,76.82220075441325,92.88801221164346,2,roulette,2
302,78.63198128764529,92.98272016318508,3,roulette,2
303,75.25815452667888,92.98272016318508,4,roulette,2
304,75.520918044282,93.10624979919324,5,roulette,2
305,80.19555955613491,92.91240366476762,6,roulette,2
306,79.59542560049957,93.32482618476618,7,roulette,2
307,86.20648376069012,93.48001907417188,8,roulette,2
308,85.48205454093531,93.48001907417188,9,roulette,2
309,79.78190957894608,93.31859563501554,10,roulette,2
310,77.73345144787756,92.88801221164346,11,roulette,2
311,78.08413264442719,93.33109579777977,12,roulette,2
312,80.88285812384277,93.41639337829167,13,roulette,2
313,82.49529698523895,92.91859563501554,14,roulette,2
314,79.65347909003097,93.31859563501554,15,roulette,2
315,77.77309804616692,93.33740496697304,16,roulette,2
316,80.86151196598786,93.41639337829167,17,roulette,2
317,78.5752849746288,93.42326625757943,18,roulette,2
318,79.73452667523321,93.42326625757943,19,roulette,2
319,78.00367522672705,93.42326625757943,20,roulette,2
320,11.12787687180592,92.68657125383503,1,roulette,2
321,77.29747680745648,92.28657125383502,2,roulette,2
322,73.03424092150557,92.28657125383502,3,roulette,2
323,72.748006162821,92.28657125383502,4,roulette,2
324,74.61451582104318,92.68657125383503,5,roulette,2
325,75.1941653478098,92.28657125383502,6,roulette,2
326,71.50659423712054,92.69061166337202,7,roulette,2
327,72.9265008033279,92.92772932632853,8,roulette,2
328,74.51318498824602,92.33193985886487,9,roulette,2
329,79.72683948638053,92.28657125383502,10,roulette,2
330,79.16086239706577,92.28657125383502,11,roulette,2
331,82.3227849865849,93.12772932632852,12,roulette,2
332,85.67268064656258,93.12772932632852,13,roulette,2
333,86.21354523897169,93.48001907417188,14,roulette,2
334,82.31384541565376,92.92772932632853,15,roulette,2
335,84.19760363314953,92.9361681949744,16,roulette,2
336,84.15022313791061,92.76889138314542,17,roulette,2
337,84.60372577815657,93.00956741322126,18,roulette,2
338,85.79435737358195,93.00956741322126,19,roulette,2
339,87.36834923479596,93.00956741322126,20,roulette,2
340,14.184788584976229,91.36878821817864,1,roulette,2
341,74.1752522897506,91.05482255552043,2,roulette,2
342,75.11050244989859,93.31859563501554,3,roulette,2
343,75.99632387524017,93.31859563501554,4,roulette,2
344,80.62689942221476,93.32482618476618,5,roulette,2
345,83.31171969712055,93.30624979919324,6,roulette,2
346,80.93014514054207,92.88801221164346,7,roulette,2
347,82.49284744272956,92.56627799644576,8,roulette,2
348,82.8549602899047,92.77065437104557,9,roulette,2
349,84.42494616328754,92.92772932632853,10,roulette,2
350,84.70083159880704,92.92772932632853,11,roulette,2
351,87.79195200996283,92.56627799644576,12,roulette,2
352,89.05283274243297,93.33193985886487,13,roulette,2
353,86.63059362232543,92.56627799644576,14,roulette,2
354,89.3639549893559,92.92772932632853,15,roulette,2
355,90.68514836237837,92.92772932632853,16,roulette,2
356,89.74478787475618,92.28657125383502,17,roulette,2
357,89.99569642684193,92.72772932632853,18,roulette,2
358,90.26493870111558,93.12772932632852,19,roulette,2
359,90.12171444775736,93.12772932632852,20,roulette,2
360,6.1330117673963365,90.89874178945527,1,roulette,2
361,88.35400271610563,90.52772932632853,2,roulette,2
362,79.31436821908969,93.2070431491098,3,roulette,2
363,76.45818945117847,93.2070431491098,4,roulette,2
364,78.37924827610324,93.80150296873417,5,roulette,2
365,80.88562702603342,93.2070431491098,6,roulette,2
366,83.4729526580905,93.61639337829166,7,roulette,2
367,81.77153513717161,93.2070431491098,8,roulette,2
368,78.88440629607756,92.93109579777976,9,roulette,2
369,83.58276794023837,93.42326625757943,10,roulette,2
370,84.73014116733916,93.42326625757943,11,roulette,2
371,83.12627257852135,93.33740496697304,12,roulette,2
372,86.47280994368872,93.42326625757943,13,roulette,2
373,85.00339823435947,93.33740496697304,14,roulette,2
374,81.99280803553451,93.42326625757943,15,roulette,2
375,86.360504661142,93.41639337829167,16,roulette,2
376,84.88069670093785,93.42326625757943,17,roulette,2
377,82.37211689808333,93.42326625757943,18,roulette,2
378,79.90821952588261,93.33740496697304,19,roulette,2
379,82.62172297683895,93.33740496697304,20,roulette,2
380,3.707965353159309,91.36878821817864,1,roulette,2
381,86.65300235725189,92.03931836898447,2,roulette,2
382,82.51096672636245,93.2070431491098,3,roulette,2
383,81.16793929539539,93.33740496697304,4,roulette,2
384,77.03415620510204,92.75297592783951,5,roulette,2
385,78.91902046874863,93.42326625757943,6,roulette,2
386,77.62107713909377,92.19605369405454,7,roulette,2
387,80.35511344059938,92.92482618476618,8,roulette,2
388,82.46424128532304,92.92482618476618,9,roulette,2
389,81.59612246174575,92.93109579777976,10,roulette,2
390,81.68002150008671,92.78506424239102,11,roulette,2
391,82.82150184934451,92.78506424239102,12,roulette,2
392,81.08056820657553,92.9361681949744,13,roulette,2
393,86.61766547819303,93.34041448585583,14,roulette,2
394,84.27906982458268,93.33740496697304,15,roulette,2
395,87.43677537443736,93.2070431491098,16,roulette,2
396,85.55993669933923,92.93109579777976,17,roulette,2
397,86.04419998959537,93.33740496697304,18,roulette,2
398,86.69823605231049,93.37065437104556,19,roulette,2
399,88.26559826091034,92.92482618476618,20,roulette,2
400,2.6535972592312964,85.46266573298146,1,roulette,3
401,66.40542453454209,75.21003982910274,2,roulette,3
402,60.43816198620799,75.21003982910274,3,roulette,3
403,60.74568892802359,84.44562995920265,4,roulette,3
404,61.80723914576733,85.38322890233343,5,roulette,3
405,63.00104239290896,75.45482255552044,6,roulette,3
406,58.29298185968118,85.38322890233343,7,roulette,3
407,60.51587578237835,75.21003982910274,8,roulette,3
408,58.035242137416716,75.21003982910274,9,roulette,3
409,60.382318195658975,86.18322890233343,10,roulette,3
410,63.28770232847529,86.18322890233343,11,roulette,3
411,62.843038593419976,85.4825471035353,12,roulette,3
412,63.28952991233282,85.4825471035353,13,roulette,3
413,63.812374651395864,85.4825471035353,14,roulette,3
414,63.95324355678832,85.38322890233343,15,roulette,3
415,62.9353151688043,85.4825471035353,16,roulette,3
416,62.44695021836279,85.38322890233343,17,roulette,3
417,64.56678934102132,85.38322890233343,18,roulette,3
418,68.76846868582209,85.58322890233343,19,roulette,3
419,62.85242276080358,86.02405089685368,20,roulette,3
420,-0.02539359324717067,47.68645195372291,1,roulette,3
421,75.21003982910274,75.21003982910274,2,roulette,3
422,67.29063084962063,75.21003982910274,3,roulette,3
423,66.30473251565336,75.21003982910274,4,roulette,3
424,65.97576020649844,75.21003982910274,5,roulette,3
425,63.656838337060634,75.21003982910274,6,roulette,3
426,65.25457611074202,75.21003982910274,7,roulette,3
427,65.72919886063592,75.21003982910274,8,roulette,3
428,64.20667745287457,75.21003982910274,9,roulette,3
429,64.7779871066087,75.21003982910274,10,roulette,3
430,60.90696125781278,75.21003982910274,11,roulette,3
431,63.6530129782297,75.21003982910274,12,roulette,3
432,64.15167557543704,75.21003982910274,13,roulette,3
433,65.87634855239313,75.21003982910274,14,roulette,3
434,66.76449546493237,75.21003982910274,15,roulette,3
435,66.86358265669136,75.21003982910274,16,roulette,3
436,67.76665290330847,75.21003982910274,17,roulette,3
437,68.92220508131484,75.21003982910274,18,roulette,3
438,66.70322467189429,75.21003982910274,19,roulette,3
439,68.11179756933018,75.21003982910274,20,roulette,3
440,2.8725153972018003,75.19788162462294,1,roulette,3
441,66.14777502695176,75.21003982910274,2,roulette,3
442,54.643617486354316,75.21003982910274,3,roulette,3
443,53.40952863747293,75.21003982910274,4,roulette,3
444,55.58555046801147,75.21003982910274,5,roulette,3
445,55.07442149058658,75.21003982910274,6,roulette,3
446,58.78251355894413,75.21003982910274,7,roulette,3
447,54.4108309109946,75.21003982910274,8,roulette,3
448,55.428191134373634,75.21003982910274,9,roulette,3
449,58.887259119007346,86.42405089685369,10,roulette,3
450,56.5709781569872,75.21003982910274,11,roulette,3
451,60.94880163544855,86.56755198344948,12,roulette,3
452,60.60888415506763,86.56755198344948,13,roulette,3
453,60.25216096218901,86.56755198344948,14,roulette,3
454,61.50846735766812,86.56755198344948,15,roulette,3
455,62.623389995159734,89.16755198344948,16,roulette,3
456,57.826942313961254,89.16755198344948,17,roulette,3
457,62.96780685350363,86.117733253104,18,roulette,3
458,56.50739622820677,86.117733253104,19,roulette,3
459,58.123006442704046,84.20698639161586,20,roulette,3
460,1.7782246464480849,75.20090734553948,1,roulette,3
461,61.01109258728066,75.21003982910274,2,roulette,3
462,57.09784574090508,85.56755198344948,3,roulette,3
463,64.26588188973801,87.68379793739255,4,roulette,3
464,60.698468904467624,86.6160637193128,5,roulette,3
465,61.530051218164836,86.38739390424847,6,roulette,3
466,63.8264658549899,86.38739390424847,7,roulette,3
467,62.93298752866951,89.23458214576858,8,roulette,3
468,67.46898254046094,91.44675666571221,9,roulette,3
469,68.28437035057541,90.99140997390337,10,roulette,3
470,65.32724273473416,90.16755198344948,11,roulette,3
471,62.056722240122696,85.96755198344948,12,roulette,3
472,65.70383847713187,85.56755198344948,13,roulette,3
473,62.40211332283318,85.56755198344948,14,roulette,3
474,62.113860043254505,86.16755198344948,15,roulette,3
475,62.63173587936775,85.56755198344948,16,roulette,3
476,66.50362098697538,89.81003982910273,17,roulette,3
477,64.89516684699373,89.81003982910273,18,roulette,3
478,62.030261637021304,86.47057091248858,19,roulette,3
479,62.50296802770514,88.29736666659863,20,roulette,3
480,0.522088516700463,66.45873645484157,1,roulette,3
481,75.21003982910274,75.21003982910274,2,roulette,3
482,65.89259744672185,75.21003982910274,3,roulette,3
483,69.04054447499001,75.21003982910274,4,roulette,3
484,64.7389502527026,75.21003982910274,5,roulette,3
485,66.42712799359377,75.21003982910274,6,roulette,3
486,64.80103318666366,75.21003982910274,7,roulette,3
487,63.29733385767394,75.21003982910274,8,roulette,3
488,66.33016261543492,75.21003982910274,9,roulette,3
489,62.58342696935076,75.21003982910274,10,roulette,3
490,63.493439750974666,75.21003982910274,11,roulette,3
491,63.663363748009694,75.21003982910274,12,roulette,3
492,65.45503227800882,75.21003982910274,13,roulette,3
493,64.6238319821954,75.21003982910274,14,roulette,3
494,69.48028478068609,75.21003982910274,15,roulette,3
495,64.7549280080679,75.21003982910274,16,roulette,3
496,64.29920994700652,75.21003982910274,17,roulette,3
497,68.8655184075048,75.21003982910274,18,roulette,3
498,62.67094000309337,75.21003982910274,19,roulette,3
499,67.83386194442463,75.21003982910274,20,roulette,3
500,2.2203204331514153,75.20394224923463,1,roulette,3
501,71.09048339482568,75.19788162462294,2,roulette,3
502,61.744489710582855,86.695206767585,3,roulette,3
503,62.56073586279272,75.21003982910274,4,roulette,3
504,63.311915187327976,75.21003982910274,5,roulette,3
505,58.99827114211651,75.21003982910274,6,roulette,3
506,61.95240168309715,75.21003982910274,7,roulette,3
507,58.65948192456825,75.21003982910274,8,roulette,3
508,61.43972477668769,89.38322890233343,9,roulette,3
509,60.52490558822225,89.38322890233343,10,roulette,3
510,55.18602850750802,86.78322890233343,11,roulette,3
511,57.64948625012669,86.38322890233343,12,roulette,3
512,62.119440918846784,86.38322890233343,13,roulette,3
513,61.83107557672208,75.46266573298146,14,roulette,3
514,60.15415407171864,75.45873645484157,15,roulette,3
515,59.241344444262744,75.19788162462294,16,roulette,3
516,59.248356511472274,75.19788162462294,17,roulette,3
517,62.496606602358504,75.19788162462294,18,roulette,3
518,60.78501993547499,75.19788162462294,19,roulette,3
519,60.79787960279045,75.19788162462294,20,roulette,3
520,6.556563020642717,75.21003982910274,1,roulette,3
521,68.97352344937532,75.19788162462294,2,roulette,3
522,58.52539148424538,75.21003982910274,3,roulette,3
523,63.026221835433695,84.69736666659863,4,roulette,3
524,63.4523443126622,75.21003982910274,5,roulette,3
525,60.56645156705566,75.21003982910274,6,roulette,3
526,59.294797348875555,75.19788162462294,7,roulette,3
527,61.032069499212355,75.21003982910274,8,roulette,3
528,59.04987815489884,75.19788162462294,9,roulette,3
529,62.11674212812724,85.38322890233343,10,roulette,3
530,63.748459343626934,88.5335319430667,11,roulette,3
531,59.61242504284928,88.7335319430667,12,roulette,3
532,56.38724008329249,75.46661051127248,13,roulette,3
533,56.09526882112603,84.98140678550376,14,roulette,3
534,61.30657022029205,75.21003982910274,15,roulette,3
535,62.81327412874403,88.5710543823898,16,roulette,3
536,62.604068357658655,85.38322890233343,17,roulette,3
537,59.7836859402707,75.21003982910274,18,roulette,3
538,62.23520513198274,75.21003982910274,19,roulette,3
539,64.22129082405871,75.21310261863329,20,roulette,3
540,1.6102964665367687,85.38322890233343,1,roulette,3
541,75.21003982910274,75.21003982910274,2,roulette,3
542,64.653612355943,75.21003982910274,3,roulette,3
543,68.56157145113009,75.21003982910274,4,roulette,3
544,65.07737490627377,75.21003982910274,5,roulette,3
545,65.02181738326179,75.21003982910274,6,roulette,3
546,66.24482471867532,75.21003982910274,7,roulette,3
547,65.29380882890585,75.21003982910274,8,roulette,3
548,68.67668972163729,75.21003982910274,9,roulette,3
549,64.5591069757551,75.21003982910274,10,roulette,3
550,64.35725897983816,75.21003982910274,11,roulette,3
551,65.42251083903136,75.21003982910274,12,roulette,3
552,67.86331208538185,75.21003982910274,13,roulette,3
553,66.72076701913514,75.44704041507838,14,roulette,3
554,63.3532808525961,75.44704041507838,15,roulette,3
555,61.27148642579028,86.38322890233343,16,roulette,3
556,67.6945975709323,75.21003982910274,17,roulette,3
557,66.495736162181,75.21003982910274,18,roulette,3
558,63.963171573392835,75.21003982910274,19,roulette,3
559,66.01540476744216,75.21003982910274,20,roulette,3
560,2.1878932171658594,66.45873645484157,1,roulette,3
561,67.44606318558962,75.21003982910274,2,roulette,3
562,64.72632008741267,84.91773325310399,3,roulette,3
563,63.47891006142055,89.69288973525113,4,roulette,3
564,67.66244616718971,89.69288973525113,5,roulette,3
565,65.99083551120047,90.58140678550376,6,roulette,3
566,69.49139369284056,89.65060701409175,7,roulette,3
567,70.37942363401201,88.49297711225773,8,roulette,3
568,66.34475018063337,91.32465396891132,9,roulette,3
569,67.20994673587148,91.32465396891132,10,roulette,3
570,67.20261749917688,89.25060701409174,11,roulette,3
571,71.32771659132031,88.1710543823898,12,roulette,3
572,69.16719774052112,88.62873816020954,13,roulette,3
573,69.66346544073333,88.89736666659863,14,roulette,3
574,70.7425568997703,88.98939992297535,15,roulette,3
575,65.93057478898386,90.49736666659864,16,roulette,3
576,69.9384924837169,89.8467566657122,17,roulette,3
577,72.68882242670611,89.8467566657122,18,roulette,3
578,71.56101208432167,90.49736666659864,19,roulette,3
579,69.26044599428668,90.49736666659864,20,roulette,3
580,4.597000672758231,75.21003982910274,1,roulette,3
581,69.77961161935848,75.19788162462294,2,roulette,3
582,62.06643334938557,75.21003982910274,3,roulette,3
583,63.75483593557501,88.8467566657122,4,roulette,3
584,61.92326100286329,89.49297711225773,5,roulette,3
585,57.62505368458391,88.18322890233343,6,roulette,3
586,62.009526711927904,87.18322890233343,7,roulette,3
587,60.755992062480665,86.07454706086821,8,roulette,3
588,55.822023274158,85.38322890233343,9,roulette,3
589,65.94737216055742,85.66661051127248,10,roulette,3
590,64.05723893684139,87.66661051127248,11,roulette,3
591,62.96271170068314,87.66661051127248,12,roulette,3
592,62.29084036455282,87.66661051127248,13,roulette,3
593,59.35051313151659,75.19788162462294,14,roulette,3
594,61.339123808119524,86.42405089685369,15,roulette,3
595,57.98877132081977,75.19788162462294,16,roulette,3
596,58.561108320607666,75.19788162462294,17,roulette,3
597,61.50048956947882,75.19788162462294,18,roulette,3
598,63.12947730392143,86.58322890233343,19,roulette,3
599,64.64959023400384,75.19788162462294,20,roulette,3
