,average fitness,max fitness,generations,EA,enemy
0,-1.9068113217729374,39.73214184093667,1,tournament,1
1,11.012091860254866,66.97611947915372,2,tournament,1
2,35.56555315588534,75.75297592783951,3,tournament,1
3,42.605698390726864,75.23480889721516,4,tournament,1
4,58.94076100118979,94.78506424239102,5,tournament,1
5,76.1720401857758,95.11719807741363,6,tournament,1
6,84.04282276819737,95.11719807741363,7,tournament,1
7,89.64844726980976,95.11719807741363,8,tournament,1
8,81.49870967119436,95.11719807741363,9,tournament,1
9,89.27832299221302,95.11719807741363,10,tournament,1
10,80.92196118239657,95.11719807741363,11,tournament,1
11,88.93849548745096,95.11719807741363,12,tournament,1
12,84.29868364915993,95.11719807741363,13,tournament,1
13,89.32873752220907,95.11719807741363,14,tournament,1
14,87.2879549218426,95.11719807741363,15,tournament,1
15,83.38252190239916,95.11719807741363,16,tournament,1
16,86.96002108449623,95.11719807741363,17,tournament,1
17,90.08189416237677,95.11719807741363,18,tournament,1
18,85.55309043727664,95.11719807741363,19,tournament,1
19,82.36746264490672,95.11719807741363,20,tournament,1
20,-1.6454485481133827,48.25379680945985,1,tournament,1
21,9.118985278006505,39.1335319430667,2,tournament,1
22,21.171782080946,48.25379680945985,3,tournament,1
23,44.82745221426102,48.601837298482245,4,tournament,1
24,46.578224881748675,48.601837298482245,5,tournament,1
25,47.4528023065103,57.711732969305466,6,tournament,1
26,49.11513614555277,57.711732969305466,7,tournament,1
27,48.82663857065443,57.711732969305466,8,tournament,1
28,48.867445222248264,57.282972298593776,9,tournament,1
29,52.34724200563564,94.78506424239102,10,tournament,1
30,49.023976232932355,57.28957298262513,11,tournament,1
31,56.616176281961174,94.78506424239102,12,tournament,1
32,72.29081388570208,95.11719807741363,13,tournament,1
33,77.83233092777482,95.11719807741363,14,tournament,1
34,83.54690117237541,95.11719807741363,15,tournament,1
35,87.44827526280328,95.11719807741363,16,tournament,1
36,88.93919016447026,95.11719807741363,17,tournament,1
37,93.10684261018923,95.11719807741363,18,tournament,1
38,92.13084068458015,95.11719807741363,19,tournament,1
39,93.33820402916555,95.11719807741363,20,tournament,1
40,-2.142050849949472,39.1335319430667,1,tournament,1
41,8.145723571844666,30.752975927839515,2,tournament,1
42,29.6814640900207,48.25379680945985,3,tournament,1
43,40.71870482610714,48.96304739758637,4,tournament,1
44,44.32372969818484,48.96304739758637,5,tournament,1
45,48.29053329632705,57.74772657195337,6,tournament,1
46,48.45206436233391,57.74772657195337,7,tournament,1
47,54.52740852100536,94.02326625757942,8,tournament,1
48,59.894926077916864,94.02326625757942,9,tournament,1
49,73.5585434146917,95.11719807741363,10,tournament,1
50,83.52632435385385,95.11719807741363,11,tournament,1
51,87.96670936561475,95.11719807741363,12,tournament,1
52,91.27025347685543,95.11719807741363,13,tournament,1
53,88.6018726082989,95.11719807741363,14,tournament,1
54,90.23903188311606,95.11719807741363,15,tournament,1
55,90.45658678271917,95.11719807741363,16,tournament,1
56,89.691662835704,95.11719807741363,17,tournament,1
57,86.72875237591462,95.11719807741363,18,tournament,1
58,91.4892898573551,95.11719807741363,19,tournament,1
59,87.24280311924169,95.11719807741363,20,tournament,1
60,-1.1207100386870676,56.67206321627081,1,tournament,1
61,18.76882894309347,57.77964417492168,2,tournament,1
62,39.98894021332861,94.02326625757942,3,tournament,1
63,46.700248244564015,66.71173296930546,4,tournament,1
64,50.63059702423838,94.02326625757942,5,tournament,1
65,51.716082651806566,94.02326625757942,6,tournament,1
66,53.874719337889495,66.26990021702643,7,tournament,1
67,54.45728716915116,66.60183729848225,8,tournament,1
68,57.285839285351464,75.17991706964764,9,tournament,1
69,61.99451280411473,75.17991706964764,10,tournament,1
70,64.67677123321592,94.9001335721758,11,tournament,1
71,64.6571797648424,94.80150296873417,12,tournament,1
72,67.23115148524734,94.80150296873417,13,tournament,1
73,71.08849570639111,94.80150296873417,14,tournament,1
74,75.18505768838858,94.80150296873417,15,tournament,1
75,75.4251266326748,94.80150296873417,16,tournament,1
76,73.22663965112184,94.80150296873417,17,tournament,1
77,73.96304658672155,94.7959933129232,18,tournament,1
78,75.35811870737201,94.80150296873417,19,tournament,1
79,80.23044609766279,94.9001335721758,20,tournament,1
80,-2.1952242669040833,29.67564103761869,1,tournament,1
81,5.8696234052626926,39.1335319430667,2,tournament,1
82,25.19440625974846,48.25379680945985,3,tournament,1
83,41.550124888362014,57.1335319430667,4,tournament,1
84,46.49901804368867,57.25379680945985,5,tournament,1
85,51.36661027606764,65.97655240703897,6,tournament,1
86,53.95430972798026,57.25379680945985,7,tournament,1
87,56.87263235384918,65.54009554562246,8,tournament,1
88,57.45285762195213,65.54009554562246,9,tournament,1
89,59.63026367048521,65.54009554562246,10,tournament,1
90,59.85535428914403,65.54009554562246,11,tournament,1
91,60.00274965372242,65.54009554562246,12,tournament,1
92,59.714754485167234,65.54009554562246,13,tournament,1
93,62.944313623406195,65.54009554562246,14,tournament,1
94,62.78389871630572,65.54009554562246,15,tournament,1
95,61.40741222057825,65.57513097609461,16,tournament,1
96,62.792413089713655,65.92235775665097,17,tournament,1
97,63.75986651149876,66.1335319430667,18,tournament,1
98,63.85659820297051,66.23794861721983,19,tournament,1
99,64.12955015024492,66.24109822612272,20,tournament,1
100,-0.3382191043718394,57.812614194159245,1,tournament,1
101,18.755515579623015,57.812614194159245,2,tournament,1
102,39.55261163692778,65.96451856747524,3,tournament,1
103,47.34239978879757,75.10835578817422,4,tournament,1
104,50.605743324852845,65.96451856747524,5,tournament,1
105,53.88189524141162,66.10559716573515,6,tournament,1
106,56.62167615695342,75.10835578817422,7,tournament,1
107,58.77699849685095,75.10835578817422,8,tournament,1
108,61.48140514484205,94.78506424239102,9,tournament,1
109,64.09952918978996,75.14206684551654,10,tournament,1
110,68.63668880436364,75.14206684551654,11,tournament,1
111,72.30287292191828,95.07274631484279,12,tournament,1
112,73.31635267548812,95.07274631484279,13,tournament,1
113,76.96258176365681,95.07274631484279,14,tournament,1
114,78.68127069089408,94.78506424239102,15,tournament,1
115,88.26151082503559,95.07274631484279,16,tournament,1
116,89.16356689751932,94.78506424239102,17,tournament,1
117,91.31449670746665,95.07274631484279,18,tournament,1
118,93.57217968009562,95.07274631484279,19,tournament,1
119,89.90643681893471,95.11719807741363,20,tournament,1
120,-2.8939163347396946,39.72188534076948,1,tournament,1
121,3.8053996802940344,48.601837298482245,2,tournament,1
122,24.112016358311102,48.601837298482245,3,tournament,1
123,39.30489384856126,48.601837298482245,4,tournament,1
124,47.8203478371358,57.1194670135993,5,tournament,1
125,50.39368987666376,75.11667761151172,6,tournament,1
126,51.39397700659235,75.11667761151172,7,tournament,1
127,51.40355183820956,57.79051384715858,8,tournament,1
128,52.53061356392728,66.16226955283406,9,tournament,1
129,56.532580334199274,66.16226955283406,10,tournament,1
130,56.469833298800516,66.16226955283406,11,tournament,1
131,58.11434251409452,66.16226955283406,12,tournament,1
132,59.96274079396423,66.16226955283406,13,tournament,1
133,59.957537724684755,66.16226955283406,14,tournament,1
134,61.49946005679235,66.16226955283406,15,tournament,1
135,62.34461565777079,75.1593583426266,16,tournament,1
136,59.319803525747595,75.1593583426266,17,tournament,1
137,61.26140240672158,75.1593583426266,18,tournament,1
138,61.90912346588916,75.1593583426266,19,tournament,1
139,61.48763108376105,75.1593583426266,20,tournament,1
140,-1.20081392190397,48.25379680945985,1,tournament,1
141,9.518865640039923,57.3029065134946,2,tournament,1
142,27.032332431974282,57.758252984940356,3,tournament,1
143,45.9093695782978,57.758252984940356,4,tournament,1
144,51.62934559640966,75.26665872310225,5,tournament,1
145,57.90485241515242,66.74772657195336,6,tournament,1
146,60.99589420914442,86.40975933293464,7,tournament,1
147,64.23745341485379,86.40975933293464,8,tournament,1
148,66.99468398584543,86.40975933293464,9,tournament,1
149,69.91088396823379,86.40975933293464,10,tournament,1
150,70.20645984517549,86.40975933293464,11,tournament,1
151,74.20380995966525,86.40975933293464,12,tournament,1
152,76.06482866966958,86.40975933293464,13,tournament,1
153,81.20040499603978,87.13854308107199,14,tournament,1
154,82.19912552577387,87.13854308107199,15,tournament,1
155,82.73227203764692,87.13854308107199,16,tournament,1
156,83.11702463043204,87.13854308107199,17,tournament,1
157,83.99307338331676,87.13854308107199,18,tournament,1
158,82.24887701570061,87.13854308107199,19,tournament,1
159,85.55006830338853,87.13854308107199,20,tournament,1
160,-1.0331751391993163,65.4633084024087,1,tournament,1
161,8.778679851087258,39.1335319430667,2,tournament,1
162,22.976796299457263,66.97611947915372,3,tournament,1
163,34.509560488381304,57.97611947915372,4,tournament,1
164,45.08602498074449,75.26990021702643,5,tournament,1
165,54.266330465306844,75.75297592783951,6,tournament,1
166,68.50195094485908,94.85250552318655,7,tournament,1
167,80.56421703745576,94.85250552318655,8,tournament,1
168,85.7680446118771,95.11719807741363,9,tournament,1
169,89.87604565669544,95.11719807741363,10,tournament,1
170,87.79486665597729,95.11719807741363,11,tournament,1
171,91.9868434729531,95.11719807741363,12,tournament,1
172,91.88575963073778,95.11719807741363,13,tournament,1
173,89.67245261686719,95.11719807741363,14,tournament,1
174,89.44396539357317,95.11719807741363,15,tournament,1
175,87.11920089908736,95.11719807741363,16,tournament,1
176,84.00283804805713,95.11719807741363,17,tournament,1
177,85.58558553975772,95.11719807741363,18,tournament,1
178,89.77469249977632,95.11719807741363,19,tournament,1
179,90.11059163823118,95.11719807741363,20,tournament,1
180,-2.298207695421697,39.013547994715566,1,tournament,1
181,4.987204354559439,39.013547994715566,2,tournament,1
182,22.637779312232553,48.25379680945985,3,tournament,1
183,37.515898147789045,48.33011907701948,4,tournament,1
184,54.37446518514149,95.11719807741363,5,tournament,1
185,62.97428406670356,95.11719807741363,6,tournament,1
186,68.99588606942086,95.11719807741363,7,tournament,1
187,83.1577663537119,95.11719807741363,8,tournament,1
188,91.6516117101632,95.11719807741363,9,tournament,1
189,93.70387124078479,95.11719807741363,10,tournament,1
190,94.27013622842618,95.11719807741363,11,tournament,1
191,94.24253359652656,95.11719807741363,12,tournament,1
192,94.60218383422828,95.11719807741363,13,tournament,1
193,95.07616907097389,95.11719807741363,14,tournament,1
194,95.06227354214425,95.11719807741363,15,tournament,1
195,93.68538125528409,95.11719807741363,16,tournament,1
196,94.78681724773917,95.11719807741363,17,tournament,1
197,94.26350322863578,95.11719807741363,18,tournament,1
198,93.17129974663098,95.11719807741363,19,tournament,1
199,94.20232759996023,95.11719807741363,20,tournament,1
200,9.672668095632817,93.18506424239102,1,tournament,2
201,33.05521088403841,93.18506424239102,2,tournament,2
202,87.03442201959169,93.33740496697304,3,tournament,2
203,92.13865730034553,93.42326625757943,4,tournament,2
204,93.16037358697636,93.42326625757943,5,tournament,2
205,93.23158053413479,93.42326625757943,6,tournament,2
206,93.31311989915022,93.4727463148428,7,tournament,2
207,93.37079627047973,93.4727463148428,8,tournament,2
208,93.36397764289079,93.48001907417188,9,tournament,2
209,93.30868321013264,93.48001907417188,10,tournament,2
210,93.38933452959914,93.48001907417188,11,tournament,2
211,93.42129340896474,93.48001907417188,12,tournament,2
212,93.42465487789732,93.48001907417188,13,tournament,2
213,93.44610237448973,93.48001907417188,14,tournament,2
214,93.43356794300922,93.48001907417188,15,tournament,2
215,93.4515905498057,93.48001907417188,16,tournament,2
216,93.46108156455776,93.48001907417188,17,tournament,2
217,93.45985278645769,93.48001907417188,18,tournament,2
218,93.46353920138682,93.48001907417188,19,tournament,2
219,93.46921629153694,93.48001907417188,20,tournament,2
220,14.885817622980708,92.12772932632852,1,tournament,2
221,50.94856563957094,90.89874178945527,2,tournament,2
222,87.60909313504591,93.31240366476763,3,tournament,2
223,92.21362065883848,93.34041448585583,4,tournament,2
224,92.91470685895631,93.42326625757943,5,tournament,2
225,93.25774374225126,93.48001907417188,6,tournament,2
226,93.35514819881766,93.48001907417188,7,tournament,2
227,93.33995673636856,93.48001907417188,8,tournament,2
228,93.39697149076731,93.48001907417188,9,tournament,2
229,93.39697066819376,93.48001907417188,10,tournament,2
230,93.4419552076492,93.48001907417188,11,tournament,2
231,93.44363995607702,93.48001907417188,12,tournament,2
232,93.4418082559028,93.48001907417188,13,tournament,2
233,93.44106849349816,93.48001907417188,14,tournament,2
234,93.45304158622145,93.48001907417188,15,tournament,2
235,93.46695393084056,93.48001907417188,16,tournament,2
236,93.47491132067854,93.48001907417188,17,tournament,2
237,93.46880327523682,93.48001907417188,18,tournament,2
238,93.45885565685377,93.48001907417188,19,tournament,2
239,93.4555187475089,93.48001907417188,20,tournament,2
240,6.957010339451159,92.81639337829166,1,tournament,2
241,31.86845093199245,91.35809292906188,2,tournament,2
242,76.60064517149736,91.96164533066624,3,tournament,2
243,90.65203754012872,92.43931836898447,4,tournament,2
244,91.90196187703822,92.5619206910768,5,tournament,2
245,92.05844935834197,92.5619206910768,6,tournament,2
246,92.05724410644117,92.5619206910768,7,tournament,2
247,92.23019640064325,92.5619206910768,8,tournament,2
248,92.26968392210094,92.5619206910768,9,tournament,2
249,92.32907316374155,92.9750499825186,10,tournament,2
250,92.32017390056063,92.9750499825186,11,tournament,2
251,92.40413888655414,92.9750499825186,12,tournament,2
252,92.427454314584,92.56627799644576,13,tournament,2
253,92.51619771375422,92.56627799644576,14,tournament,2
254,92.5151413852022,92.56627799644576,15,tournament,2
255,92.51711711065131,92.56627799644576,16,tournament,2
256,92.38005255279657,92.56627799644576,17,tournament,2
257,92.38432313874102,92.56627799644576,18,tournament,2
258,92.56996635505435,92.92188534076949,19,tournament,2
259,92.55307511873785,92.92188534076949,20,tournament,2
260,6.2957675396973,92.28657125383502,1,tournament,2
261,52.65947359042555,92.28657125383502,2,tournament,2
262,90.32336018569414,92.93109579777976,3,tournament,2
263,92.15963282976026,93.42326625757943,4,tournament,2
264,92.84256969619102,93.42326625757943,5,tournament,2
265,93.03996474256564,93.48001907417188,6,tournament,2
266,93.34948189593479,93.48001907417188,7,tournament,2
267,93.37056738758041,93.77611947915372,8,tournament,2
268,93.41443467882493,93.77611947915372,9,tournament,2
269,93.45695323178548,93.77611947915372,10,tournament,2
270,93.4863444576405,93.78272016318508,11,tournament,2
271,93.58799025303436,94.41639337829167,12,tournament,2
272,93.81759462038859,94.6917323025988,13,tournament,2
273,94.13112137539684,94.73740496697303,14,tournament,2
274,94.38476034994669,94.73740496697303,15,tournament,2
275,94.46641576051421,94.73740496697303,16,tournament,2
276,94.46194389723888,94.73740496697303,17,tournament,2
277,94.61306354803523,94.73740496697303,18,tournament,2
278,94.57987888233278,94.73740496697303,19,tournament,2
279,94.68845868312796,94.73740496697303,20,tournament,2
280,12.834116722673024,90.85873645484158,1,tournament,2
281,47.58853209780672,92.28657125383502,2,tournament,2
282,75.97985007100084,92.29061166337202,3,tournament,2
283,91.83164483227407,92.76192069107681,4,tournament,2
284,92.46689859298588,92.9361681949744,5,tournament,2
285,92.61220629169611,92.94041448585585,6,tournament,2
286,92.7550416298948,93.34041448585583,7,tournament,2
287,92.88225756759442,93.34041448585583,8,tournament,2
288,92.86175689526088,93.34041448585583,9,tournament,2
289,92.86963991645668,93.34041448585583,10,tournament,2
290,92.8524148794458,93.34041448585583,11,tournament,2
291,92.95880169822976,93.34041448585583,12,tournament,2
292,93.04522071133628,93.3794650007277,13,tournament,2
293,93.12458838221939,93.3794650007277,14,tournament,2
294,93.12790417313305,93.3794650007277,15,tournament,2
295,93.07866038734731,93.3794650007277,16,tournament,2
296,93.10688040116423,93.3794650007277,17,tournament,2
297,93.18654173206919,93.3794650007277,18,tournament,2
298,93.28251877955867,93.3794650007277,19,tournament,2
299,93.28806998801905,93.3794650007277,20,tournament,2
300,9.885433951024343,92.28657125383502,1,tournament,2
301,56.999919134120084,92.28657125383502,2,tournament,2
302,85.97913557648737,92.28657125383502,3,tournament,2
303,91.19570353607519,92.28657125383502,4,tournament,2
304,92.15981714148434,92.92772932632853,5,tournament,2
305,92.42687232462258,93.32772932632852,6,tournament,2
306,92.40725102320619,93.32772932632852,7,tournament,2
307,92.49649003931205,93.32772932632852,8,tournament,2
308,92.6858570173561,93.32772932632852,9,tournament,2
309,92.94103760115988,93.32772932632852,10,tournament,2
310,93.06676838377066,93.32772932632852,11,tournament,2
311,93.1413462155544,93.32772932632852,12,tournament,2
312,93.20974218595691,93.32772932632852,13,tournament,2
313,93.09846928298177,93.32772932632852,14,tournament,2
314,93.07447312269605,93.36627799644576,15,tournament,2
315,92.78954476148785,93.32772932632852,16,tournament,2
316,93.00304969569436,93.36627799644576,17,tournament,2
317,93.28714554180823,93.37065437104556,18,tournament,2
318,93.30251213477938,93.37065437104556,19,tournament,2
319,93.32389898815849,93.37065437104556,20,tournament,2
320,11.728994156968545,92.92482618476618,1,tournament,2
321,49.89876753175764,92.64317193830047,2,tournament,2
322,87.31362237085919,92.97611947915372,3,tournament,2
323,92.36710626737971,92.97611947915372,4,tournament,2
324,92.60361491970752,93.20956741322127,5,tournament,2
325,92.92467804512286,93.42326625757943,6,tournament,2
326,93.21056124413694,93.42326625757943,7,tournament,2
327,93.35349968829712,93.42326625757943,8,tournament,2
328,93.36104852428872,93.42326625757943,9,tournament,2
329,93.30343518834363,93.42326625757943,10,tournament,2
330,93.4026546435425,93.48001907417188,11,tournament,2
331,93.40512952199634,93.48001907417188,12,tournament,2
332,93.40549002954378,93.48001907417188,13,tournament,2
333,93.41587621842173,93.48001907417188,14,tournament,2
334,93.39713696530558,93.48001907417188,15,tournament,2
335,93.40856210788422,93.48001907417188,16,tournament,2
336,93.42663950085442,93.48001907417188,17,tournament,2
337,93.45005489253671,93.68001907417187,18,tournament,2
338,93.41025186654787,93.48001907417188,19,tournament,2
339,93.43561008627837,93.48001907417188,20,tournament,2
340,11.780716481991114,92.28657125383502,1,tournament,2
341,55.44806401177173,92.56878821817864,2,tournament,2
342,86.17762387858114,92.28657125383502,3,tournament,2
343,92.12218258580498,92.76627799644577,4,tournament,2
344,92.6070542976193,93.12772932632852,5,tournament,2
345,92.71082778788174,93.12772932632852,6,tournament,2
346,92.86842475679167,93.68200618758324,7,tournament,2
347,92.96382054547031,93.68200618758324,8,tournament,2
348,93.0118037975561,93.12772932632852,9,tournament,2
349,93.08898150738396,93.68200618758324,10,tournament,2
350,93.10762190184516,93.68200618758324,11,tournament,2
351,93.14381448280807,93.68200618758324,12,tournament,2
352,93.11951572196753,93.68200618758324,13,tournament,2
353,93.25251983796379,93.68200618758324,14,tournament,2
354,93.37669807818529,93.68200618758324,15,tournament,2
355,93.37392476963294,93.68200618758324,16,tournament,2
356,93.36459359280634,93.68200618758324,17,tournament,2
357,93.50676427157038,93.68200618758324,18,tournament,2
358,93.55252015792205,93.68200618758324,19,tournament,2
359,93.59163563179736,93.68200618758324,20,tournament,2
360,8.07930821999538,91.36878821817864,1,tournament,2
361,44.43651165088294,92.28657125383502,2,tournament,2
362,81.24322449461123,91.80150296873417,3,tournament,2
363,88.07272295134007,93.2070431491098,4,tournament,2
364,89.94578153087414,92.9001335721758,5,tournament,2
365,91.41173712790304,92.93109579777976,6,tournament,2
366,92.61612876958714,93.42326625757943,7,tournament,2
367,93.06325817081638,93.42326625757943,8,tournament,2
368,93.24497922461016,93.42326625757943,9,tournament,2
369,93.27030219249816,93.42326625757943,10,tournament,2
370,93.31865730744568,93.42326625757943,11,tournament,2
371,93.3180163454959,93.42326625757943,12,tournament,2
372,93.30866123221878,93.42326625757943,13,tournament,2
373,93.35062773480176,93.42326625757943,14,tournament,2
374,93.35713536526335,93.42326625757943,15,tournament,2
375,93.36777958453415,93.42326625757943,16,tournament,2
376,93.35199759360938,93.42326625757943,17,tournament,2
377,93.25728167883985,93.42326625757943,18,tournament,2
378,93.34884513415463,93.42326625757943,19,tournament,2
379,93.35479736391387,93.42326625757943,20,tournament,2
380,11.557801062369355,92.32772932632852,1,tournament,2
381,37.448366335880195,90.89874178945527,2,tournament,2
382,80.73394956150734,92.78506424239102,3,tournament,2
383,91.12367952197545,92.78506424239102,4,tournament,2
384,92.0038128236384,92.78506424239102,5,tournament,2
385,92.2868415966787,93.13740496697304,6,tournament,2
386,92.5445554094884,93.40956741322127,7,tournament,2
387,92.60719774843533,93.20150296873418,8,tournament,2
388,92.92134934798936,93.41639337829167,9,tournament,2
389,93.10229756258947,93.42326625757943,10,tournament,2
390,93.07473227102338,93.42326625757943,11,tournament,2
391,93.2371507370331,93.42326625757943,12,tournament,2
392,93.13165534925685,93.42326625757943,13,tournament,2
393,93.29490901867257,93.42326625757943,14,tournament,2
394,93.24150507507483,93.42326625757943,15,tournament,2
395,93.35292083507952,93.42326625757943,16,tournament,2
396,93.3196031743909,93.42326625757943,17,tournament,2
397,93.278765413405,93.48001907417188,18,tournament,2
398,93.3367706138263,93.48001907417188,19,tournament,2
399,93.35566463129537,93.48001907417188,20,tournament,2
400,1.9129722984582096,75.21003982910274,1,tournament,3
401,35.8935398346766,75.21003982910274,2,tournament,3
402,64.99397931453777,85.38322890233343,3,tournament,3
403,78.17426483830315,88.22405089685368,4,tournament,3
404,78.75765580231177,88.22405089685368,5,tournament,3
405,78.15213529662896,88.22405089685368,6,tournament,3
406,81.02835482287833,88.35262782095373,7,tournament,3
407,82.08222819494254,88.35262782095373,8,tournament,3
408,86.53541329799758,90.3335319430667,9,tournament,3
409,87.15573695156834,90.3335319430667,10,tournament,3
410,86.92231761573385,90.3335319430667,11,tournament,3
411,85.25512659030106,88.38322890233343,12,tournament,3
412,86.86831112213848,88.41103858311014,13,tournament,3
413,87.55951750793048,88.98322890233342,14,tournament,3
414,87.65756477525545,89.0316554962389,15,tournament,3
415,87.96403783056503,89.38322890233343,16,tournament,3
416,87.22689788690454,89.0316554962389,17,tournament,3
417,88.41131948622686,90.84935744741227,18,tournament,3
418,88.69547176989485,90.84935744741227,19,tournament,3
419,88.21025348407179,90.84935744741227,20,tournament,3
420,2.219540580229054,66.45873645484157,1,tournament,3
421,14.92975312375922,66.45873645484157,2,tournament,3
422,51.978629960752315,75.45873645484157,3,tournament,3
423,70.09890282294228,87.69736666659863,4,tournament,3
424,76.56085008378501,88.1710543823898,5,tournament,3
425,82.86763306316254,88.1710543823898,6,tournament,3
426,83.1569854983775,88.1710543823898,7,tournament,3
427,86.00010988706799,88.2316554962389,8,tournament,3
428,85.88375849187747,89.58322890233343,9,tournament,3
429,86.60482664922884,89.58322890233343,10,tournament,3
430,87.2485533278233,89.58322890233343,11,tournament,3
431,88.01526248634802,89.58322890233343,12,tournament,3
432,88.45517304119838,90.38322890233343,13,tournament,3
433,88.43949105058796,90.38322890233343,14,tournament,3
434,88.1914064710239,90.38322890233343,15,tournament,3
435,89.07982593306237,90.38322890233343,16,tournament,3
436,88.71327708698726,90.78322890233343,17,tournament,3
437,89.10192572402335,90.78322890233343,18,tournament,3
438,89.48924275063473,90.78322890233343,19,tournament,3
439,89.06263402450337,90.78322890233343,20,tournament,3
440,2.912835297548268,66.45873645484157,1,tournament,3
441,26.200277642586848,66.45873645484157,2,tournament,3
442,54.357524544447315,75.21003982910274,3,tournament,3
443,71.06019320659864,86.30693855665945,4,tournament,3
444,73.89659201031509,87.03668519596536,5,tournament,3
445,75.02967700954419,87.03668519596536,6,tournament,3
446,75.58706492242845,86.30693855665945,7,tournament,3
447,76.81336093475406,86.38322890233343,8,tournament,3
448,76.71001950107255,86.38322890233343,9,tournament,3
449,77.06634465327747,87.04704041507837,10,tournament,3
450,76.70240175019404,86.34400818918014,11,tournament,3
451,78.58269804209374,86.38322890233343,12,tournament,3
452,82.12984850910823,86.58322890233343,13,tournament,3
453,85.82900427995887,86.58322890233343,14,tournament,3
454,85.6711180827925,86.58322890233343,15,tournament,3
455,83.15641406513579,86.58322890233343,16,tournament,3
456,84.2838926506605,86.58322890233343,17,tournament,3
457,84.651825191928,86.58322890233343,18,tournament,3
458,83.71568057052177,86.58322890233343,19,tournament,3
459,82.73968454036638,86.58322890233343,20,tournament,3
460,1.381535894667996,66.45873645484157,1,tournament,3
461,34.683009060815436,75.21003982910274,2,tournament,3
462,56.720568485308476,75.21003982910274,3,tournament,3
463,71.9642331031462,75.39052820481504,4,tournament,3
464,73.00854550448328,75.21003982910274,5,tournament,3
465,74.42242252541924,75.21003982910274,6,tournament,3
466,73.79602867083867,75.21003982910274,7,tournament,3
467,74.59744859290446,75.21003982910274,8,tournament,3
468,73.10972701928006,75.21003982910274,9,tournament,3
469,74.59744859290446,75.21003982910274,10,tournament,3
470,74.8599876941323,75.21003982910274,11,tournament,3
471,72.80691427316209,75.21003982910274,12,tournament,3
472,73.53348956961082,75.21003982910274,13,tournament,3
473,73.1696348162581,75.21003982910274,14,tournament,3
474,73.89734432296356,75.21003982910274,15,tournament,3
475,74.07237039044878,75.21003982910274,16,tournament,3
476,74.50993555916185,75.21003982910274,17,tournament,3
477,74.77247466038969,75.21003982910274,18,tournament,3
478,73.16963481625808,75.21003982910274,19,tournament,3
479,72.38201751257458,75.21003982910274,20,tournament,3
480,1.559498017842989,75.21003982910274,1,tournament,3
481,19.25589733009894,66.44317193830047,2,tournament,3
482,50.140826687089145,75.21003982910274,3,tournament,3
483,69.24254223377785,84.53279945145863,4,tournament,3
484,72.73414583903549,75.45092391510478,5,tournament,3
485,75.07908467775347,84.78322890233343,6,tournament,3
486,75.78343950982196,85.82784596782224,7,tournament,3
487,79.92622377474515,85.82784596782224,8,tournament,3
488,82.1783910273835,85.82784596782224,9,tournament,3
489,83.05815375978794,86.18322890233343,10,tournament,3
490,84.57019806143481,86.18322890233343,11,tournament,3
491,81.2933587923911,87.3335319430667,12,tournament,3
492,78.91701494783334,87.3335319430667,13,tournament,3
493,83.44042667410817,87.3335319430667,14,tournament,3
494,82.27468237061704,88.38322890233343,15,tournament,3
495,83.30695279869907,87.65060701409175,16,tournament,3
496,83.71141915791809,87.65060701409175,17,tournament,3
497,81.91556881672197,91.18322890233343,18,tournament,3
498,84.10223661498392,91.18322890233343,19,tournament,3
499,83.64796023707753,91.18322890233343,20,tournament,3
500,1.2930853675017544,75.21003982910274,1,tournament,3
501,28.132552492534117,75.21003982910274,2,tournament,3
502,58.003027056396874,75.45873645484157,3,tournament,3
503,73.40775084463381,86.98322890233342,4,tournament,3
504,75.79223841296601,86.98322890233342,5,tournament,3
505,75.4395578934376,86.98322890233342,6,tournament,3
506,75.60463141829288,86.98322890233342,7,tournament,3
507,77.89971068797664,90.58322890233343,8,tournament,3
508,78.5266051765756,90.58322890233343,9,tournament,3
509,79.76529885614902,91.24416263053517,10,tournament,3
510,84.34272415109457,90.38322890233343,11,tournament,3
511,84.35340541254008,90.58322890233343,12,tournament,3
512,87.24827235044751,90.58322890233343,13,tournament,3
513,85.99352302247532,90.58322890233343,14,tournament,3
514,87.04712704454049,91.24416263053517,15,tournament,3
515,87.02769951786395,91.24416263053517,16,tournament,3
516,86.1598520239867,90.58322890233343,17,tournament,3
517,86.67975813979564,90.58322890233343,18,tournament,3
518,88.17952409792753,90.58322890233343,19,tournament,3
519,89.21725621135835,90.98322890233342,20,tournament,3
520,3.3534783741123046,75.21003982910274,1,tournament,3
521,37.471813378975064,75.21003982910274,2,tournament,3
522,61.0927796817727,75.21003982910274,3,tournament,3
523,71.06186077624403,75.21003982910274,4,tournament,3
524,76.27987251722324,85.98322890233342,5,tournament,3
525,77.93791976146832,85.98322890233342,6,tournament,3
526,78.62775600852278,85.98322890233342,7,tournament,3
527,79.76735675932034,85.98322890233342,8,tournament,3
528,79.31882771555698,86.78322890233343,9,tournament,3
529,83.33859436017137,86.78322890233343,10,tournament,3
530,81.43487759645403,86.18322890233343,11,tournament,3
531,82.33520042397976,86.18322890233343,12,tournament,3
532,82.82218149535923,86.18322890233343,13,tournament,3
533,83.52302153356048,86.89288973525112,14,tournament,3
534,82.64421069147974,86.18322890233343,15,tournament,3
535,81.12096893460256,86.18322890233343,16,tournament,3
536,83.17891300443515,86.18322890233343,17,tournament,3
537,84.11225861080894,86.53703951986405,18,tournament,3
538,82.89457550599025,86.53703951986405,19,tournament,3
539,83.67858747465424,86.85060701409174,20,tournament,3
540,1.0349170077548466,56.98873282559584,1,tournament,3
541,35.93396127507637,85.38322890233343,2,tournament,3
542,64.57212036127879,85.38322890233343,3,tournament,3
543,77.23044185298062,85.38322890233343,4,tournament,3
544,82.11208063055572,85.38322890233343,5,tournament,3
545,83.50767245103329,85.38322890233343,6,tournament,3
546,83.44162044650147,85.38322890233343,7,tournament,3
547,82.38610207612804,88.04935744741228,8,tournament,3
548,83.39764158033971,88.04935744741228,9,tournament,3
549,84.14465060423998,88.04935744741228,10,tournament,3
550,80.87664516294397,86.4117358769174,11,tournament,3
551,83.67217802124081,88.04935744741228,12,tournament,3
552,84.80850362345669,88.09736666659863,13,tournament,3
553,85.61898699689101,88.04935744741228,14,tournament,3
554,85.45416809364458,88.04935744741228,15,tournament,3
555,86.37954560951043,88.04935744741228,16,tournament,3
556,86.45209451929416,88.49736666659864,17,tournament,3
557,86.71024498127326,88.04935744741228,18,tournament,3
558,87.32487745740374,88.04935744741228,19,tournament,3
559,86.43490119710532,88.04935744741228,20,tournament,3
560,2.4425164097249654,66.45873645484157,1,tournament,3
561,23.235694519904627,75.21003982910274,2,tournament,3
562,62.14127750627702,75.46266573298146,3,tournament,3
563,73.10802552451057,84.8249751801719,4,tournament,3
564,74.07020608772514,85.38322890233343,5,tournament,3
565,74.74236088526607,86.98322890233342,6,tournament,3
566,76.08640082447253,86.98322890233342,7,tournament,3
567,79.78716887303884,86.45060701409174,8,tournament,3
568,78.99003045487669,86.45060701409174,9,tournament,3
569,81.85241937484228,86.98322890233342,10,tournament,3
570,84.82057540930644,86.98322890233342,11,tournament,3
571,83.61085143897088,86.98322890233342,12,tournament,3
572,81.19329290073154,86.98322890233342,13,tournament,3
573,79.95977959153362,86.98322890233342,14,tournament,3
574,79.88499336670495,86.98322890233342,15,tournament,3
575,82.78218576604662,86.98322890233342,16,tournament,3
576,80.99002809145108,86.98322890233342,17,tournament,3
577,81.58457694783539,86.98322890233342,18,tournament,3
578,83.47829353190323,86.98322890233342,19,tournament,3
579,84.58215963773542,86.98322890233342,20,tournament,3
580,0.47022747649553986,75.21003982910274,1,tournament,3
581,30.104548287198828,75.21003982910274,2,tournament,3
582,59.22524157384397,75.21003982910274,3,tournament,3
583,69.46659494801989,75.21003982910274,4,tournament,3
584,74.95028175881858,88.51778108962355,5,tournament,3
585,73.05941105934518,88.1710543823898,6,tournament,3
586,75.15207085337168,86.5335319430667,7,tournament,3
587,75.78964248742011,86.5335319430667,8,tournament,3
588,74.33774597412365,86.5335319430667,9,tournament,3
589,75.9977231937662,86.38322890233343,10,tournament,3
590,77.6861065063607,86.38322890233343,11,tournament,3
591,78.44648604765406,89.61173587691741,12,tournament,3
592,82.67734095731757,89.61173587691741,13,tournament,3
593,81.13805923632043,88.56755198344948,14,tournament,3
594,84.36486691752106,90.01173587691741,15,tournament,3
595,87.2676525008013,91.55499468596398,16,tournament,3
596,84.7602368753075,91.55499468596398,17,tournament,3
597,84.65855996790398,91.55499468596398,18,tournament,3
598,84.44043526742546,91.55499468596398,19,tournament,3
599,87.95275494474696,91.55499468596398,20,tournament,3
