8.034302159485587902e-01
-9.979578126088304302e-01
-1.000000000000000000e+00
5.247963446226679984e-01
-1.000000000000000000e+00
1.000000000000000000e+00
1.286806935739220059e-01
-9.342842881856305848e-01
-4.189736309020947180e-02
5.194691010771457229e-02
-4.401316595196350795e-02
9.714388056322235121e-01
1.000000000000000000e+00
-5.496461414218588581e-01
-5.315551893587651122e-01
-1.782356774458410675e-01
5.403003473590323180e-01
8.143271918620590410e-01
-4.425949764837563416e-01
3.855178959190261323e-01
1.652004205801300141e-01
-7.782635040743959287e-01
8.697162281241384019e-01
2.153170677157461022e-01
-3.588226408370555343e-02
9.833318802601660746e-02
8.929461489475041258e-01
-1.445925119690190386e-01
1.000000000000000000e+00
5.300646795285360868e-01
-1.151892918420283074e-01
1.194230162487021907e-01
9.545543085929499849e-01
-7.800622742148143329e-01
-1.000000000000000000e+00
9.203816340451183020e-01
1.447292548205729168e-01
-7.366134370586878699e-01
-3.916361845037851785e-01
8.396817939352663185e-01
-5.406266515499238423e-01
-5.034087982306967302e-01
-2.067876619064874522e-01
-5.879504005249441834e-01
7.801643448333092090e-01
3.162248953745674940e-01
7.933015512080798803e-01
-8.009597248623061549e-01
-1.000000000000000000e+00
1.000000000000000000e+00
-6.985789556975336989e-01
8.771388628188615533e-01
2.609792746576131139e-02
7.790727207385739206e-01
8.288800678391134991e-01
-3.541769097041654879e-01
5.122283839318534371e-01
5.575375154038696435e-01
2.200145920504040786e-01
-4.862768475502213805e-01
1.000000000000000000e+00
-3.370251505878989473e-01
6.456159568454526987e-01
6.651734567430098721e-01
1.000000000000000000e+00
7.241348520477886019e-01
-2.170438713794478058e-01
-2.344208181533791180e-01
3.340560403170669268e-01
-4.161389408799043288e-01
2.500934775142698019e-01
-1.818645235904540469e-01
1.792018022083050055e-01
-3.639765702747405629e-01
-8.980171241113990011e-01
8.410329525974977738e-01
-9.831748407089241359e-01
-9.750421707517569203e-01
-7.117176846949392344e-01
-1.828683442190117692e-01
-1.437437886805928433e-01
2.294385635390382427e-01
8.715702414259650643e-01
5.554706028992633104e-01
6.383811891081259127e-01
-2.249032142030638615e-01
-7.887040777040571493e-01
6.832286349167500106e-01
-1.744890212050409506e-02
-1.000000000000000000e+00
4.683253055870589820e-01
-1.397994813291761063e-01
-1.576792454917476660e-01
6.557036064143012544e-01
-2.733475042902948626e-01
1.526978563453161297e-01
9.343716503685581820e-01
-7.213656061450135493e-01
-1.856586701898608679e-02
-2.896272974028535896e-01
-6.460643566606008026e-01
3.230302989886448817e-01
1.000000000000000000e+00
-9.571719488538652509e-01
-4.107925508596537156e-01
7.802558694290895325e-02
8.693979122167567741e-01
-5.124641663373944445e-01
9.812851590255644574e-01
-5.590099442894447268e-01
-1.000000000000000000e+00
1.000000000000000000e+00
-8.229636971897743569e-01
-6.047629406828290977e-01
-7.563597862334991984e-01
8.791955937372397667e-01
1.000000000000000000e+00
1.000000000000000000e+00
3.796060906473008867e-01
5.540971351801426970e-01
-1.075528938953710656e-01
-5.820836334332250006e-01
-8.857232163196442354e-01
3.400042084120719066e-01
-6.718504221678363031e-01
6.730876177206175648e-02
-2.315979475982898883e-02
-3.928612406703728688e-01
5.486583282194947842e-01
-9.872730738468129541e-01
-9.775854851670304768e-01
3.392318097382753805e-01
-3.951103160437380857e-01
-4.986540468978384322e-01
-3.315718582229573025e-02
6.676864478536730374e-01
2.945901858464809453e-01
8.096485377011726214e-01
4.853876191126239581e-01
-1.000000000000000000e+00
1.000000000000000000e+00
-5.811927623305924717e-01
3.859026551410991157e-01
-2.676436582854387902e-01
-6.463599133385264928e-01
-1.000000000000000000e+00
1.185944443829616557e-01
1.000000000000000000e+00
-4.364735052255063752e-01
-4.787070472943824040e-01
-1.000000000000000000e+00
3.739176612807088018e-01
1.066519980572543796e-01
1.000000000000000000e+00
3.196892156698704079e-01
4.594570889724741147e-01
-8.230985949760869502e-01
4.343928243425764224e-01
-4.183274722669809709e-01
2.454698288604250656e-01
-1.686561520218435861e-01
-6.612979956734144071e-01
-7.005707347360923265e-02
-2.497599585192084581e-01
-7.666488129845443478e-01
-4.691550896853524232e-04
4.626112582058966027e-01
2.215944070941500699e-01
1.000000000000000000e+00
-8.469434008578905493e-01
1.000000000000000000e+00
3.213187288102608563e-01
4.421562182937791574e-01
2.391292157537256990e-01
7.822037993407371381e-01
7.301525271664258687e-01
5.304740198770772075e-01
-6.622417127537142539e-03
5.444210415630363897e-01
-2.074289929340117355e-01
-1.933704363998086373e-01
5.458314025973109995e-02
-4.134500923868802413e-01
1.000000000000000000e+00
-8.698589941369871958e-01
-1.000000000000000000e+00
3.752426200598517059e-01
-8.572186965995012287e-01
-4.472165736890339888e-02
6.575581514845179054e-01
-6.567897879931480221e-01
2.587463046512187281e-01
6.731676166740949707e-01
7.430653718890198878e-01
-5.276118726446408225e-01
-1.775695688996447308e-01
7.072545629711778359e-01
-1.735046742962897404e-01
-8.404528360841464485e-01
-8.648966654143914745e-01
-5.473978246721840080e-01
-1.000000000000000000e+00
-7.743301198546592712e-01
9.429182678901156800e-01
1.604619684395608425e-01
9.608676444728150301e-01
-3.581083030183591642e-01
-6.835190108256552488e-01
-2.415519509050603753e-01
-8.640280274112116521e-01
-1.505439339067253246e-01
4.457317414943662293e-02
-4.073278216063348500e-01
-5.947260162389418348e-01
-1.000000000000000000e+00
-3.354146130388961922e-01
6.478747273684052344e-01
-5.033738596372370339e-02
-1.000000000000000000e+00
-5.025681825080918763e-01
4.468104728122095914e-01
-9.252619031573465769e-01
-1.831911295143419105e-01
-5.911507193120554282e-01
-1.348442586809331656e-01
-8.690140463260347392e-01
4.494727171079379024e-01
2.924356007367818200e-01
4.542512066368868950e-01
5.656808003662835427e-01
-1.298452064445623777e-01
1.000000000000000000e+00
7.886854868367236815e-01
5.392924924246351726e-01
3.700681678687678944e-01
-1.015454008588332901e-01
-8.504179554726449819e-01
-3.413802865222000799e-02
-5.809833733493160457e-01
3.990560923797376036e-02
4.598172685611856547e-03
4.983968740579317047e-01
-1.000000000000000000e+00
-1.228486413256859866e-01
9.270797380367974405e-01
5.364150357357082566e-01
-1.000000000000000000e+00
-3.465349037423279821e-01
2.866849437667801093e-02
-8.977471178876725855e-01
-1.788999751044225150e-01
7.048839989100551540e-01
-3.970363820358963070e-01
1.000000000000000000e+00
2.387333557595486822e-01
-1.000000000000000000e+00
6.157899870703431588e-01
-9.792340347266491607e-01
8.842963041743043817e-01
2.378789887508261369e-01
7.045490449709618241e-01
1.000000000000000000e+00
1.619257723292701900e-01
2.830015684789869979e-01
6.503905515450512098e-01
